The coordinates and charge columns in the output file are not in the same order as in input.
Input:
1.6492 0.0000 -2.3560 -0.8340
0.5448 0.0000 -3.8000  0.4170
0.5448 0.0000 -0.9121  0.4170
Output:
-- EXTERNAL POINT CHARGES: (Q,X,Y,Z) --
-0.8340    1.6492     0.0000    -2.3560
0.4170    0.5448     0.0000    -3.8000
0.4170    0.5448     0.0000    -0.9121
This should be consistent.
